0.000000
0.000001
0.000005
0.000012
0.000023
0.000040
0.000063
0.000094
0.000134
0.000184
0.000245
0.000317
0.000403
0.000502
0.000617
0.000747
0.000895
0.001060
0.001244
0.001448
0.001672
0.001918
0.002185
0.002476
0.002791
0.003130
0.003495
0.003885
0.004302
0.004747
0.005219
0.005719
0.006248
0.006807
0.007396
0.008015
0.008664
0.009345
0.010056
0.010800
0.011575
0.012382
0.013221
0.014092
0.014996
0.015932
0.016900
0.017900
0.018933
0.019997
0.021094
0.022221
0.023381
0.024571
0.025791
0.027042
0.028323
0.029633
0.030972
0.032339
0.033734
0.035155
0.036603
0.038076
0.039574
0.041096
0.042642
0.044209
0.045797
0.047406
0.049034
0.050681
0.052344
0.054024
0.055718
0.057426
0.059147
0.060879
0.062621
0.064371
0.066129
0.067893
0.069662
0.071433
0.073207
0.074981
0.076753
0.078523
0.080288
0.082048
0.083800
0.085543
0.087276
0.088996
0.090703
0.092394
0.094068
0.095723
0.097358
0.098970
0.100559
0.102122
0.103658
0.105165
0.106641
0.108085
0.109495
0.110869
0.112206
0.113504
0.114762
0.115976
0.117147
0.118273
0.119351
0.120380
0.121358
0.122285
0.123158
0.123976
0.124738
0.125441
0.126085
0.126668
0.127189
0.127645
0.128037
0.128362
0.128620
0.128809
0.128927
0.128975
0.128949
0.128850
0.128677
0.128428
0.128102
0.127699
0.127217
0.126655
0.126014
0.125292
0.124488
0.123601
0.122632
0.121579
0.120442
0.119221
0.117914
0.116523
0.115045
0.113482
0.111833
0.110097
0.108275
0.106366
0.104371
0.102290
0.100122
0.097868
0.095528
0.093102
0.090592
0.087996
0.085316
0.082552
0.079704
0.076773
0.073761
0.070667
0.067492
0.064237
0.060904
0.057492
0.054004
0.050439
0.046800
0.043087
0.039301
0.035444
0.031517
0.027522
0.023459
0.019331
0.015138
0.010883
0.006566
0.002190
-0.002244
-0.006734
-0.011278
-0.015874
-0.020521
-0.025217
-0.029960
-0.034748
-0.039578
-0.044449
-0.049359
-0.054306
-0.059287
-0.064300
-0.069344
-0.074415
-0.079512
-0.084632
-0.089774
-0.094934
-0.100110
-0.105301
-0.110503
-0.115714
-0.120932
-0.126155
-0.131379
-0.136603
-0.141824
-0.147039
-0.152247
-0.157444
-0.162629
-0.167797
-0.172948
-0.178079
-0.183187
-0.188270
-0.193324
-0.198349
-0.203340
-0.208297
-0.213216
-0.218094
-0.222931
-0.227722
-0.232466
-0.237161
-0.241803
-0.246392
-0.250923
-0.255396
-0.259808
-0.264156
-0.268439
-0.272654
-0.276799
-0.280872
-0.284871
-0.288794
-0.292639
-0.296404
-0.300087
-0.303687
-0.307200
-0.310626
-0.313963
-0.317208
-0.320361
-0.323420
-0.326383
-0.329248
-0.332014
-0.334681
-0.337245
-0.339706
-0.342063
-0.344314
-0.346458
-0.348494
-0.350421
-0.352238
-0.353944
-0.355538
-0.357020
-0.358387
-0.359640
-0.360778
-0.361800
-0.362706
-0.363495
-0.364167
-0.364721
-0.365157
-0.365475
-0.365674
-0.365754
-0.365716
-0.365558
-0.365282
-0.364886
-0.364372
-0.363740
-0.362989
-0.362120
-0.361133
-0.360029
-0.358808
-0.357471
-0.356019
-0.354451
-0.352769
-0.350973
-0.349064
-0.347043
-0.344911
-0.342669
-0.340318
-0.337858
-0.335292
-0.332620
-0.329843
-0.326962
-0.323980
-0.320897
-0.317714
-0.314434
-0.311057
-0.307585
-0.304019
-0.300362
-0.296615
-0.292779
-0.288857
-0.284850
-0.280759
-0.276587
-0.272335
-0.268006
-0.263601
-0.259123
-0.254572
-0.249952
-0.245264
-0.240510
-0.235693
-0.230814
-0.225876
-0.220880
-0.215830
-0.210727
-0.205572
-0.200370
-0.195121
-0.189828
-0.184494
-0.179120
-0.173709
-0.168262
-0.162784
-0.157274
-0.151737
-0.146174
-0.140588
-0.134981
-0.129354
-0.123711
-0.118054
-0.112385
-0.106707
-0.101021
-0.095330
-0.089636
-0.083942
-0.078249
-0.072560
-0.066878
-0.061203
-0.055540
-0.049889
-0.044252
-0.038633
-0.033033
-0.027455
-0.021899
-0.016369
-0.010867
-0.005394
0.000048
0.005457
0.010830
0.016166
0.021463
0.026719
0.031932
0.037101
0.042223
0.047298
0.052322
0.057296
0.062217
0.067083
0.071893
0.076645
0.081338
0.085971
0.090542
0.095049
0.099492
0.103869
0.108179
0.112421
0.116592
0.120694
0.124723
0.128680
0.132563
0.136371
0.140103
0.143758
0.147337
0.150836
0.154257
0.157598
0.160859
0.164039
0.167136
0.170152
0.173085
0.175935
0.178701
0.181383
0.183980
0.186493
0.188921
0.191263
0.193521
0.195693
0.197779
0.199779
0.201694
0.203523
0.205266
0.206924
0.208496
0.209983
0.211385
0.212702
0.213935
0.215083
0.216147
0.217128
0.218025
0.218840
0.219573
0.220223
0.220793
0.221282
0.221691
0.222021
0.222272
0.222445
0.222541
0.222560
0.222503
0.222372
0.222166
0.221887
0.221536
0.221113
0.220620
0.220057
0.219425
0.218726
0.217959
0.217128
0.216231
0.215272
0.214249
0.213166
0.212022
0.210819
0.209558
0.208240
0.206866
0.205438
0.203957
0.202424
0.200840
0.199206
0.197524
0.195794
0.194019
0.192199
0.190335
0.188430
0.186483
0.184497
0.182473
0.180411
0.178314
0.176182
0.174017
0.171820
0.169593
0.167336
0.165050
0.162738
0.160401
0.158039
0.155654
0.153247
0.150819
0.148373
0.145908
0.143426
0.140929
0.138417
0.135892
0.133355
0.130807
0.128249
0.125683
0.123110
0.120530
0.117945
0.115356
0.112764
0.110171
0.107576
0.104982
0.102390
0.099799
0.097212
0.094630
0.092053
0.089482
0.086919
0.084364
0.081818
0.079282
0.076757
0.074244
0.071744
0.069257
0.066785
0.064327
0.061886
0.059461
0.057054
0.054665
0.052294
0.049943
0.047613
0.045303
0.043014
0.040748
0.038504
0.036284
0.034087
0.031915
0.029768
0.027646
0.025549
0.023479
0.021436
0.019420
0.017431
0.015470
0.013538
0.011634
0.009759
0.007913
0.006097
0.004311
0.002555
0.000829
-0.000866
-0.002531
-0.004165
-0.005768
-0.007339
-0.008879
-0.010388
-0.011865
-0.013310
-0.014724
-0.016106
-0.017456
-0.018774
-0.020061
-0.021315
-0.022538
-0.023729
-0.024888
-0.026016
-0.027112
-0.028177
-0.029210
-0.030212
-0.031183
-0.032122
-0.033031
-0.033910
-0.034758
-0.035575
-0.036363
-0.037120
-0.037848
-0.038547
-0.039216
-0.039856
-0.040468
-0.041051
-0.041606
-0.042134
-0.042633
-0.043106
-0.043551
-0.043970
-0.044363
-0.044729
-0.045070
-0.045386
-0.045677
-0.045943
-0.046184
-0.046402
-0.046597
-0.046768
-0.046916
-0.047042
-0.047146
-0.047228
-0.047290
-0.047330
-0.047350
-0.047349
-0.047329
-0.047290
-0.047232
-0.047156
-0.047061
-0.046949
-0.046819
-0.046673
-0.046510
-0.046331
-0.046137
-0.045927
-0.045703
-0.045464
-0.045211
-0.044945
-0.044665
-0.044373
-0.044068
-0.043751
-0.043422
-0.043083
-0.042732
-0.042371
-0.042000
-0.041620
-0.041230
-0.040831
-0.040423
-0.040007
-0.039584
-0.039153
-0.038715
-0.038270
-0.037818
-0.037361
-0.036898
-0.036430
-0.035956
-0.035478
-0.034995
-0.034508
-0.034018
-0.033524
-0.033027
-0.032527
-0.032024
-0.031519
-0.031013
-0.030504
-0.029994
-0.029483
-0.028971
-0.028458
-0.027945
-0.027432
-0.026919
-0.026406
-0.025894
-0.025382
-0.024872
-0.024363
-0.023855
-0.023349
-0.022845
-0.022343
-0.021843
-0.021345
-0.020850
-0.020358
-0.019869
-0.019383
-0.018900
-0.018421
-0.017945
-0.017472
-0.017004
-0.016540
-0.016079
-0.015623
-0.015172
-0.014724
-0.014282
-0.013844
-0.013410
-0.012982
-0.012559
-0.012140
-0.011727
-0.011319
-0.010916
-0.010518
-0.010126
-0.009739
-0.009358
-0.008982
-0.008612
-0.008247
-0.007888
-0.007535
-0.007188
-0.006846
-0.006510
-0.006180
-0.005856
-0.005538
-0.005225
-0.004918
-0.004617
-0.004322
-0.004033
-0.003750
-0.003473
-0.003201
-0.002935
-0.002675
-0.002421
-0.002172
-0.001929
-0.001692
-0.001461
-0.001235
-0.001015
-0.000800
-0.000591
-0.000388
-0.000189
0.000003
0.000191
0.000373
0.000550
0.000721
0.000888
0.001049
0.001205
0.001356
0.001503
0.001644
0.001781
0.001912
0.002040
0.002162
0.002280
0.002393
0.002502
0.002607
0.002707
0.002803
0.002894
0.002982
0.003066
0.003145
0.003221
0.003293
0.003361
0.003425
0.003486
0.003543
0.003596
0.003646
0.003693
0.003737
0.003777
0.003814
0.003848
0.003879
0.003907
0.003932
0.003955
0.003974
0.003991
0.004006
0.004017
0.004027
0.004034
0.004038
0.004041
0.004041
0.004039
0.004034
0.004028
0.004020
0.004010
0.003998
0.003985
0.003969
0.003952
0.003933
0.003913
0.003892
0.003868
0.003844
0.003818
0.003791
0.003763
0.003733
0.003703
0.003671
0.003638
0.003605
0.003570
0.003535
0.003499
0.003462
0.003424
0.003385
0.003346
0.003306
0.003266
0.003225
0.003184
0.003142
0.003100
0.003057
0.003014
0.002971
0.002928
0.002884
0.002840
0.002796
0.002752
0.002707
0.002663
0.002618
0.002574
0.002529
0.002484
0.002440
0.002395
0.002351
0.002307
0.002263
0.002219
0.002175
0.002131
0.002088
0.002045
0.002002
0.001959
0.001917
0.001875
0.001833
0.001791
0.001750
0.001710
0.001669
0.001629
0.001590
0.001551
0.001512
0.001474
0.001436
0.001398
0.001361
0.001325
0.001288
0.001253
0.001218
0.001183
0.001149
0.001115
0.001082
0.001049
0.001017
0.000985
0.000954
0.000923
0.000893
0.000863
0.000834
0.000805
0.000777
0.000749
0.000722
0.000696
0.000669
0.000644
0.000619
0.000594
0.000570
0.000546
0.000523
0.000501
0.000478
0.000457
0.000436
0.000415
0.000395
0.000375
0.000356
0.000337
0.000319
0.000301
0.000283
0.000266
0.000250
0.000234
0.000218
0.000203
0.000188
0.000174
0.000160
0.000146
0.000133
0.000120
0.000108
0.000096
0.000084
0.000073
0.000062
0.000052
0.000041
0.000032
0.000022
0.000013
0.000004
-0.000004
-0.000013
-0.000020
-0.000028
-0.000035
-0.000042
-0.000049
-0.000055
-0.000062
-0.000067
-0.000073
-0.000078
-0.000083
-0.000088
-0.000093
-0.000097
-0.000101
-0.000105
-0.000109
-0.000112
-0.000116
-0.000119
-0.000122
-0.000124
-0.000127
-0.000129
-0.000131
-0.000133
-0.000135
-0.000137
-0.000138
-0.000140
-0.000141
-0.000142
-0.000143
-0.000144
-0.000144
-0.000145
-0.000145
-0.000146
-0.000146
-0.000146
-0.000146
-0.000146
-0.000146
-0.000145
-0.000145
-0.000145
-0.000144
-0.000143
-0.000143
-0.000142
-0.000141
-0.000140
-0.000139
-0.000138
-0.000137
